24 16616009 3 3285723 5723672 5723672 00:00:00.021

24 9304453 5 4498006 4292993 4292993 00:00:00.129

24 10119737 3 2483033 6316625 6316625 00:00:00.112

24 13790059 2 2223358 848221 848221 00:00:00.120

24 13231289 3 182658 1517770 1517770 00:00:00.126

24 12846787 2 446676 3933907 3933907 00:00:00.109

24 14698753 5 3362264 11773057 11773057 00:00:00.053

24 14495279 7 12227285 5996466 5996466 00:00:00.060

24 10550401 58 2315927 1737834 1737834 00:00:00.012

24 14596957 2 6487738 10137152 10137152 00:00:00.129


