27 98650271 11 44831168 25543891 25543891 00:00:00.134

27 121424437 2 67336504 13498899 13498899 00:00:00.023

27 76611331 10 13338226 74692468 74692468 00:00:00.178

27 125235679 6 86499102 41368108 41368108 00:00:00.161

27 107331881 6 79670524 106143002 106143002 00:00:00.193

27 91378831 11 12266116 33605591 33605591 00:00:00.243

27 67467341 2 49055343 31142638 31142638 00:00:00.224

27 105679979 2 27213931 62285599 62285599 00:00:00.339

27 82983067 2 82876905 74796118 74796118 00:00:00.236

27 122639821 6 42661060 41016355 41016355 00:00:00.250


