29 452211143 5 216261893 326937420 326937420 00:00:00.203

29 491342207 5 188307304 470837298 470837298 00:00:00.390

29 440287759 3 191537662 302580828 302580828 00:00:00.405

29 508910047 5 66998429 94926057 94926057 00:00:00.327

29 446437903 5 262015271 419664459 419664459 00:00:00.715

29 523533209 3 246358989 509727857 509727857 00:00:00.482

29 344854361 6 7053401 85326200 85326200 00:00:00.252

29 429752657 3 196315959 302545696 302545696 00:00:00.087

29 379320013 2 350102551 297319421 297319421 00:00:00.525

29 536455301 2 100511059 340278755 340278755 00:00:00.548


