30 800387087 5 638142198 256019899 256019899 00:00:00.868

30 1050893689 11 83570375 180501574 180501574 00:00:00.120

30 876451351 3 264261900 197167475 197167475 00:00:00.130

30 949931951 13 383458340 127876686 127876686 00:00:01.195

30 768356651 2 209591561 396145043 396145043 00:00:00.065

30 986311237 5 263579300 427686597 427686597 00:00:00.041

30 891335303 5 737829482 460461380 460461380 00:00:00.435

30 649823299 2 192116171 515664672 515664672 00:00:00.548

30 772705501 6 528698529 196787754 196787754 00:00:00.770

30 591130201 11 436272167 250301365 250301365 00:00:00.365


