26 48221353 5 29858311 33480208 33480208 00:00:00.056

26 56882893 6 6645513 28598106 28598106 00:00:00.154

26 58555337 3 23813456 45082219 45082219 00:00:00.062

26 53917673 3 30404764 40188835 40188835 00:00:00.280

26 45139309 2 26728346 34087802 34087802 00:00:00.198

26 64051079 7 33834877 19280746 19280746 00:00:00.043

26 57432527 5 30761332 20405043 20405043 00:00:00.249

26 60074317 2 19829136 5629627 5629627 00:00:00.248

26 63245671 3 35241192 22424396 22424396 00:00:00.148

26 52349053 5 26693853 9706353 9706353 00:00:00.180


