28 167045401 7 96133269 89849811 89849811 00:00:00.227

28 136627531 3 79369155 117688754 117688754 00:00:00.258

28 181529947 2 8915024 42083985 42083985 00:00:00.293

28 255861083 2 161899582 197365399 197365399 00:00:00.297

28 158048641 19 108906323 57662 57662 00:00:00.240

28 136398799 3 43336305 51292816 51292816 00:00:00.082

28 242971049 3 68180712 186221024 186221024 00:00:00.456

28 172604849 3 37394200 79104493 79104493 00:00:00.454

28 227069383 3 150833495 210205088 210205088 00:00:00.289

28 143438807 5 142423585 38664604 38664604 00:00:00.298


