25 22106467 2 8621269 1806110 1806110 00:00:00.145

25 33477251 2 8097803 496308 496308 00:00:00.044

25 23675609 6 5832475 18256226 18256226 00:00:00.032

25 22070383 3 16345583 21384210 21384210 00:00:00.036

25 19225001 3 16283522 2101349 2101349 00:00:00.116

25 31125349 6 15962359 30091373 30091373 00:00:00.050

25 19902523 5 1766970 3171499 3171499 00:00:00.031

25 20286907 3 3094804 7828149 7828149 00:00:00.049

25 24213743 5 10840862 1356406 1356406 00:00:00.056

25 28098703 5 15696004 10871243 10871243 00:00:00.041


