22 3799489 13 3361091 3716602 3716602 00:00:00.004

22 3659797 2 3563117 3205674 3205674 00:00:00.010

22 3406391 7 2357107 1479661 1479661 00:00:00.029

22 2570333 2 1936074 1772520 1772520 00:00:00.053

22 3111679 3 1469590 242408 242408 00:00:00.045

22 3630397 2 1156005 1190378 1190378 00:00:00.028

22 2174261 10 1614895 1267858 1267858 00:00:00.021

22 2736169 11 1792042 608718 608718 00:00:00.010

22 3466009 19 23777 118104 118104 00:00:00.038

22 2795063 5 1998016 407405 407405 00:00:00.017


