48 140737488355337 3 20612888369950 12634 12634 00:03:46.878

48 140738199740389 2 103574556528518 18325 18325 00:03:43.853

48 140737488355333 6 116897144750536 428111374712 428111374712 00:05:59.538

48 140737488385097 3 110149290376499 1473556710 1473556710 00:04:06.400

48 141320579378633 3 112231083870184 131253361706541 131253361706541 00:01:43.732

48 248209227096863 5 87656691962327 136756992761 136756992761 00:00:26.669

48 140737488380227 2 21781358550717 112 112 00:02:06.470

48 140737488377263 3 91043066184851 313719 313719 00:01:02.071

48 140815312195603 2 32394843308680 987098585 987098585 00:03:38.522

48 140737488355393 7 56207775199352 11084 11084 00:01:32.021


