47 70368744186913 5 38384687348547 92175238869 92175238869 00:01:45.062

47 70368939755809 13 49477768343854 381337919676 381337919676 00:00:39.732

47 76496739829459 2 31461494985426 83 83 00:01:26.236

47 70370647663769 3 4704019081831 66238767927519 66238767927519 00:01:38.627

47 70368744177791 13 17405472735461 204165796 204165796 00:01:31.793

47 70368744210059 2 30781286844406 1322860 1322860 00:02:19.045

47 70368744178079 14 56124905921469 68834269 68834269 00:02:27.338

47 77290926462521 3 18206710189451 2247868 2247868 00:01:46.477

47 70368744204467 2 40256456972044 200805218314 200805218314 00:01:50.939

47 70759853326501 2 34584204119545 74 74 00:01:37.379


