43 4398051603203 2 4377194365699 54 54 00:00:12.159

43 4398046511119 7 346423430803 607326520 607326520 00:00:48.954

43 4889128690337 3 1539053931283 29794 29794 00:00:23.300

43 4818812055377 5 500333560792 3834595 3834595 00:01:12.396

43 4576687398193 10 3027586216877 6029516 6029516 00:00:35.667

43 4398051520127 5 4209025071183 5164 5164 00:00:40.294

43 4399259952211 2 392274761331 2077928264 2077928264 00:00:16.826

43 4398559600763 2 153008005767 5890679 5890679 00:01:09.767

43 4398046529287 3 3497448887427 1840 1840 00:00:27.492

43 4398049537589 2 445792092082 22898 22898 00:00:08.853


