32 4186482343 3 1087684604 4437922 4437922 00:00:00.462

32 2147483659 2 1233441165 2028522507 2028522507 00:00:00.274

32 3554939489 3 3155259266 6620893 6620893 00:00:00.517

32 2147513503 3 1933176749 6485806 6485806 00:00:00.425

32 4184478289 7 2338925455 52 52 00:00:00.150

32 2149744633 5 124565851 65 65 00:00:00.279

32 4076442137 3 1070872016 659070285 659070285 00:00:00.056

32 2147511811 11 481628431 8003907 8003907 00:00:00.246

32 2151473209 13 1022748825 103 103 00:00:00.077

32 2148466729 7 242368683 1323224 1323224 00:00:00.125


