35 17181249889 13 8568893728 6450910 6450910 00:00:01.015

35 18056621603 2 4129897435 3663667 3663667 00:00:00.899

35 17180607757 5 5114145479 36 36 00:00:01.225

35 18645474989 3 8467414635 101 101 00:00:01.441

35 17179875569 3 12761973408 22875 22875 00:00:01.390

35 17179869209 3 16796701995 372699160 372699160 00:00:02.428

35 17179874147 2 7742709837 2347315 2347315 00:00:00.743

35 17179869269 2 17179869184 34 34 00:00:02.119

35 17181214483 2 8251391911 15296385797 15296385797 00:00:02.043

35 17201613899 2 6424625193 1841024 1841024 00:00:00.603


