29 448374457 7 235763254 387184389 387184389 00:00:00.072

29 519989647 3 249613743 361626657 361626657 00:00:00.119

29 299090383 3 44064786 223914245 223914245 00:00:00.118

29 377216731 2 244293567 217812117 217812117 00:00:00.080

29 492753407 5 461162666 380444041 380444041 00:00:00.042

29 270514087 3 32121457 21501991 21501991 00:00:00.074

29 321616759 3 23627620 34454799 34454799 00:00:00.018

29 509390429 2 115785734 409497685 409497685 00:00:00.150

29 280018147 2 93758092 35973809 35973809 00:00:00.112

29 317789489 3 260046427 13780975 13780975 00:00:00.159


