51 1125901221706799 13 254038949996696 71792885571256 71792885571256 00:00:31.125

51 1125899908980533 2 1005298385191787 25941 25941 00:05:48.524

51 1125899906866627 2 1042079786050063 5647006 5647006 00:01:13.791

51 1126345932999233 3 1111948086747399 121 121 00:03:20.737

51 1125900160911101 2 221462888717626 103368054273376 103368054273376 00:09:16.685

51 1125899911503683 2 687760730816920 363103263149 363103263149 00:04:08.939

51 1126385835820493 2 83724959877697 261129452983 261129452983 00:12:03.297

51 1125899912571781 6 724151597331555 29868682686654 29868682686654 00:04:43.903

51 1125899915139203 2 532943071484226 42059944158399 42059944158399 00:17:36.710

51 1208769299890081 13 811302956167241 2123177103 2123177103 00:05:41.251


