26 54148729 11 40148400 21112903 21112903 00:00:00.011

26 51946721 3 39270497 22126315 22126315 00:00:00.022

26 64716361 11 62077613 18749921 18749921 00:00:00.013

26 61545007 3 30555414 2702458 2702458 00:00:00.034

26 60324401 3 32245711 59635477 59635477 00:00:00.107

26 56707237 6 9302077 41762647 41762647 00:00:00.022

26 39093799 6 24194374 14691838 14691838 00:00:00.014

26 34501261 2 2130252 4485013 4485013 00:00:00.090

26 37433411 2 29836377 33058064 33058064 00:00:00.012

26 54717863 5 21859267 22591334 22591334 00:00:00.009


