36 34365967681 13 25521823045 99 99 00:00:02.706

36 34359738421 2 20305142183 2339750 2339750 00:00:00.595

36 34359739889 3 16744505715 111 111 00:00:02.537

36 34359738467 2 34359732131 41 41 00:00:01.540

36 34359755449 7 17199414909 5352198 5352198 00:00:01.706

36 34362942907 2 30934628527 1048323402 1048323402 00:00:01.406

36 34363393663 3 25149479048 3828023 3828023 00:00:00.185

36 34359746599 6 22760803179 25172 25172 00:00:01.201

36 34359738493 6 21588097179 1050771815 1050771815 00:00:01.286

36 34363359403 5 28627932473 3741 3741 00:00:02.486


