46 35186450908177 10 416256288028 94 94 00:00:08.157

46 35332798203743 5 23143974392531 110 110 00:01:15.420

46 35644371925291 10 29431187294054 75 75 00:01:24.007

46 35186193724541 2 17179869184 34 34 00:01:03.032

46 35538317315791 3 34820814490946 117 117 00:01:23.388

46 35184372097159 3 15778663576220 4417 4417 00:01:44.239

46 35184379758551 7 16484591649255 29794647225412 29794647225412 00:01:14.865

46 35184372088907 2 12373481536782 1018371230 1018371230 00:01:45.716

46 35184372101903 5 10328650229310 4298552 4298552 00:00:49.445

46 35184372544231 6 21710218828939 30 30 00:00:51.560


