33 4294981381 2 3661929570 555562849 555562849 00:00:00.368

33 4294967311 3 243 5 5 00:00:01.429

33 4575707347 2 3007707280 110 110 00:00:00.750

33 4294993513 5 3753758863 3991943 3991943 00:00:00.333

33 4294967387 2 2799072257 318444265 318444265 00:00:00.478

33 5031101809 13 4295250517 604427274 604427274 00:00:00.807

33 4552566013 5 4403640997 19029 19029 00:00:01.788

33 5442913219 2 2184630844 1535299 1535299 00:00:01.165

33 4463871739 2 3802651272 1621 1621 00:00:01.026

33 4294986737 3 3806345954 4818332 4818332 00:00:00.061


