41 1099511627831 7 830364854455 3101 3101 00:00:01.184

41 1099513785751 3 16576969998 22977 22977 00:00:07.857

41 1101608904239 7 985465411748 89 89 00:00:05.097

41 1100443892953 5 152587890625 16 16 00:00:08.150

41 1099512381127 3 1098920748823 24873 24873 00:00:18.561

41 1099518408587 2 301557974139 576035247 576035247 00:00:45.218

41 1099511627873 3 555153256544 134815992043 134815992043 00:00:10.491

41 1591597599673 19 552519965105 628268639 628268639 00:00:22.466

41 1099516431229 2 1073107262787 408556023232 408556023232 00:00:05.835

41 1401870155039 7 1211618077491 7654448 7654448 00:00:24.648


