52 2251801545553711 7 926725260402328 32560 32560 00:10:29.588

52 2251799813685269 2 1522628952594639 1589387 1589387 00:11:31.938

52 2251831332728423 5 2097638044261132 138875776615074 138875776615074 00:09:52.228

52 2299425200510563 11 428240748094728 46999183765 46999183765 00:03:44.224

52 2251799817469901 2 1618608588915195 4846378 4846378 00:08:33.898

52 2251801475170369 7 134788577820875 82 82 00:02:53.964

52 2251799813685313 5 1863726070980407 646 646 01:11:48.379

52 2251799813685329 3 681039904563350 1895995 1895995 00:12:05.192

52 2251799813685349 2 549642799459904 17234 17234 00:03:52.153

52 2251799813885711 11 1647708889150106 319671697450 319671697450 00:02:20.054


