34 8589934711 12 5343336260 29611 29611 00:00:01.104

34 8593076257 5 2960164442 88 88 00:00:00.283

34 8594357143 5 6483819194 16 16 00:00:00.258

34 8589934621 2 7346267911 1411754697 1411754697 00:00:00.863

34 10266365897 3 4459653179 12302 12302 00:00:00.619

34 8589934663 3 3412857709 70 70 00:00:00.374

34 8589934631 11 8096468047 15422 15422 00:00:00.470

34 9318340399 3 237095050 91 91 00:00:00.754

34 9707014727 5 1806961096 50 50 00:00:00.319

34 8594931959 11 723353544 847970 847970 00:00:00.125


