44 8796093022261 6 4300704387695 2896731 2896731 00:00:22.013

44 8796093022237 5 534289848306 46 46 00:01:06.679

44 8967363662603 2 6633817754543 539977418168 539977418168 00:00:38.710

44 8797997308987 3 5913544334472 73627365112 73627365112 00:00:59.923

44 8797415961823 3 4080263458945 92 92 00:00:21.303

44 8796093054061 7 882936429654 626697460 626697460 00:01:16.507

44 8796093033473 3 8401617835599 8030756 8030756 00:00:32.926

44 8796093031547 2 4826743501760 2476291458796 2476291458796 00:00:58.515

44 8796099243017 3 6855770884549 1086401811 1086401811 00:00:42.840

44 8797343159623 5 5524202177594 159601775408 159601775408 00:00:51.063


