24 12256421 2 5565192 2589691 2589691 00:00:00.025

24 12967013 2 10433070 601223 601223 00:00:00.010

24 11045471 13 7040735 6680605 6680605 00:00:00.022

24 14523601 61 13123328 6805900 6805900 00:00:00.014

24 16454917 2 12838960 7359102 7359102 00:00:00.026

24 14777219 2 5832581 3747386 3747386 00:00:00.020

24 9448631 11 2781075 3772131 3772131 00:00:00.012

24 14430191 31 5071155 13405330 13405330 00:00:00.018

24 10780807 3 7948721 6746042 6746042 00:00:00.021

24 13220749 2 1978339 6851478 6851478 00:00:00.024


