42 2199029072519 11 1093082948372 28772 28772 00:00:21.044

42 2312117527463 5 840683349713 15136 15136 00:00:45.337

42 2223449741729 3 1824578505768 20400 20400 00:00:23.866

42 2199024387431 23 525055295421 1889896941 1889896941 00:00:10.451

42 2199744492983 5 2004300547465 27 27 00:00:21.610

42 2199026212753 7 1779859930073 160234450168 160234450168 00:00:15.316

42 2199023278649 3 23049718807 22413 22413 00:00:43.594

42 2199973057481 3 2018712993773 125862033227 125862033227 00:00:07.582

42 2535821139641 6 670628601565 4036682 4036682 00:00:14.207

42 2199023255579 2 1272356595046 5031809 5031809 00:00:17.310


