28 220343791 3 97075662 70720395 70720395 00:00:00.058

28 186032647 6 111123150 163013787 163013787 00:00:00.098

28 137539637 2 68085835 5085426 5085426 00:00:00.073

28 225095821 7 86993763 21007671 21007671 00:00:00.061

28 150740573 2 99676079 10370016 10370016 00:00:00.077

28 170631287 7 126803544 138994050 138994050 00:00:00.060

28 214258039 12 33411395 175426413 175426413 00:00:00.135

28 256085383 3 242752781 164481237 164481237 00:00:00.130

28 163670887 3 161920043 4831706 4831706 00:00:00.025

28 147418991 11 46380477 13124220 13124220 00:00:00.074


