37 68725779667 2 256 8 8 00:00:01.080

37 68719489607 5 52836039846 1048727253 1048727253 00:00:04.732

37 68719476911 13 58197681085 896608756 896608756 00:00:02.565

37 68719497829 10 28291565167 730871380 730871380 00:00:01.986

37 68719504619 2 1512444427 7514354 7514354 00:00:03.171

37 68719774493 2 68643548701 44 44 00:00:01.568

37 70199784247 3 48978743076 842159305 842159305 00:00:00.133

37 68719476767 5 50353252711 15308 15308 00:00:04.635

37 70037084527 6 55519695799 45 45 00:00:02.965

37 68719478719 12 51041981941 25 25 00:00:08.495


