23 6799127 5 4731786 9364 9364 00:00:00.017

23 4598201 6 1246299 3210209 3210209 00:00:00.018

23 6524629 6 2150662 4040996 4040996 00:00:00.011

23 7633147 3 7493104 1357227 1357227 00:00:00.003

23 7923001 13 117012 598489 598489 00:00:00.007

23 8344493 3 5306530 5769535 5769535 00:00:00.015

23 5258707 2 4003396 2192328 2192328 00:00:00.025

23 4409389 6 2990970 1111024 1111024 00:00:00.016

23 7831039 6 2815309 7654406 7654406 00:00:00.029

23 8298541 2 7864027 3793320 3793320 00:00:00.013


