40 549756567391 3 283276160921 8214755 8214755 00:00:14.160

40 551207727407 5 59492886815 61 61 00:00:01.311

40 549759309739 2 197439762504 1186214725 1186214725 00:00:03.141

40 549755813951 7 7002190959 120 120 00:00:02.316

40 1062939845767 5 726294832568 30769 30769 00:00:13.634

40 550784898341 2 51193587398 348917898449 348917898449 00:00:26.723

40 549755813927 5 243491297711 909541330 909541330 00:00:13.072

40 549755837209 7 117649 6 6 00:00:04.771

40 549755813911 3 217611029787 9658995332 9658995332 00:00:13.184

40 549760088387 2 373141867993 7938734 7938734 00:00:09.987


