50 562951679557867 3 211597727645027 128976137 128976137 00:03:30.461

50 563422289680871 19 157998394006008 138906978009359 138906978009359 00:01:28.689

50 563468699606741 2 439469567788387 1890347051 1890347051 00:07:11.766

50 630931334429483 2 558354463163034 1106855000 1106855000 00:16:07.455

50 696623514242581 2 68719476736 36 36 00:05:12.198

50 562949956690021 7 56578924027773 32069 32069 00:06:30.494

50 562951048659709 6 249323753801940 6302477 6302477 00:05:45.990

50 562949953450667 2 439475415814021 2920542 2920542 00:06:16.611

50 563080380845693 2 39927103607162 6043306 6043306 00:08:42.022

50 590546327003357 2 481737683428485 2956866672700 2956866672700 00:07:26.890


