49 281792104432771 2 207889327089443 3600002 3600002 00:01:37.662

49 281763176772379 3 274714756791696 70312550970 70312550970 00:02:34.381

49 281667023615981 2 152613636655933 544950192479 544950192479 00:02:31.565

49 314888660207371 3 108248254274322 39816097360925 39816097360925 00:02:14.648

49 281474976710677 6 239954503288908 6815440 6815440 00:02:28.433

49 281474976743201 3 9243572408282 2939933 2939933 00:03:57.979

49 281474976739027 2 88272120508748 7994144 7994144 00:00:33.101

49 299807400679847 5 273865764523323 125873305469107 125873305469107 00:10:07.265

49 281621071562911 3 80126540000891 29379 29379 00:01:44.576

49 281474979472403 2 107916372460242 30707 30707 00:02:15.546


