38 137438953481 3 110770324290 71 71 00:00:04.488

38 137446089983 5 67345402042 40 40 00:00:05.082

38 138135410873 3 104672722901 1729888627 1729888627 00:00:08.852

38 137446090387 2 63273718084 1215108882 1215108882 00:00:03.075

38 137438976161 3 78464222973 5940892 5940892 00:00:04.664

38 138397204817 3 20975815295 1388662639 1388662639 00:00:04.098

38 137438953501 13 8609903988 21130 21130 00:00:07.709

38 137442508381 2 137214994205 43 43 00:00:08.518

38 137438953567 3 4139647141 5845197 5845197 00:00:02.638

38 137443723829 2 18898952161 89126479444 89126479444 00:00:04.105


