25 18022177 7 4574478 10412179 10412179 00:00:00.039

25 18916811 2 3915080 17287305 17287305 00:00:00.035

25 30387883 7 5151099 2521028 2521028 00:00:00.039

25 18083603 2 16794697 7578447 7578447 00:00:00.015

25 19507801 7 16519056 7758192 7758192 00:00:00.033

25 17699219 2 15775933 6059616 6059616 00:00:00.025

25 28150027 2 26431390 4994922 4994922 00:00:00.012

25 28334069 2 28286764 5235198 5235198 00:00:00.023

25 26257691 10 13602768 1274785 1274785 00:00:00.002

25 24184327 5 11895570 17457393 17457393 00:00:00.018


