30 712589951 13 431631161 340285636 340285636 00:00:00.224

30 742558303 3 102540625 449483308 449483308 00:00:00.156

30 829157669 2 269320658 266438760 266438760 00:00:00.320

30 988115819 2 884709207 187419513 187419513 00:00:00.171

30 754555253 2 256422443 701104229 701104229 00:00:00.139

30 751971589 2 370021073 129976018 129976018 00:00:00.051

30 868442857 5 634048303 707159028 707159028 00:00:00.476

30 911026189 2 204868714 839114918 839114918 00:00:00.283

30 821939609 3 760765332 104044551 104044551 00:00:00.081

30 916915543 3 900885245 268228980 268228980 00:00:00.205


