31 2137408081 19 390352785 2087589390 2087589390 00:00:00.130

31 1458221717 2 249430405 161542335 161542335 00:00:00.081

31 1390630471 21 896011302 72726359 72726359 00:00:00.707

31 1305900289 19 1199074423 944375870 944375870 00:00:00.311

31 1326970493 2 450110492 639468853 639468853 00:00:00.097

31 1928423857 7 254093180 1727391603 1727391603 00:00:00.212

31 1220319847 3 614301492 602574151 602574151 00:00:00.241

31 1892044571 2 1847148298 177666951 177666951 00:00:00.081

31 1682659453 6 796952010 59598336 59598336 00:00:00.156

31 1259300591 17 1052435188 946287074 946287074 00:00:00.182


