39 276959090143 3 16825115295 1146906 1146906 00:00:04.896

39 274877907011 2 234103048441 7613752 7613752 00:00:08.333

39 275225033227 5 85546570997 163580170596 163580170596 00:00:04.117

39 275921972639 11 267750254080 2870 2870 00:00:04.230

39 274877907041 3 14152256090 1497740001 1497740001 00:00:09.500

39 274877920987 2 96174083410 213362196916 213362196916 00:00:06.231

39 274885666903 3 32050553253 692219915 692219915 00:00:12.211

39 275883200903 5 202218186124 1718032858 1718032858 00:00:06.954

39 274886256377 3 145264396334 128 128 00:00:11.318

39 274882020451 2 175299153669 831891050 831891050 00:00:04.730


