27 102846371 10 24797756 23086269 23086269 00:00:00.141

27 96168649 7 36708805 42261217 42261217 00:00:00.050

27 123993691 2 52415642 13589091 13589091 00:00:00.016

27 103648681 21 59432086 86554071 86554071 00:00:00.027

27 110237093 2 25444516 95450806 95450806 00:00:00.064

27 98042143 3 59491586 54852955 54852955 00:00:00.022

27 83561431 3 8959383 16614749 16614749 00:00:00.018

27 84297601 14 24281683 10118498 10118498 00:00:00.082

27 105211273 5 52266763 30088622 30088622 00:00:00.037

27 81700937 3 76668955 53171686 53171686 00:00:00.049


