45 17593754196103 13 10402027044311 338600067141 338600067141 00:00:53.550

45 17592192093631 3 3497206441730 17778 17778 00:00:20.357

45 17670460127953 5 4788127403577 54 54 00:02:31.399

45 17592506684161 7 15229118445071 5059179 5059179 00:00:56.708

45 17592189625391 43 10040321783556 268461838 268461838 00:00:38.024

45 17592186044443 3 15724546036792 384149196398 384149196398 00:01:08.338

45 17592604640861 2 268435456 28 28 00:00:12.906

45 17768000174513 3 6437547407044 703 703 00:00:18.191

45 17593707286681 47 14876182194434 1118213435 1118213435 00:01:05.688

45 17592186044437 2 3528 91 91 00:00:58.178


